DEGJN i1 = 87  i2 = 24
1 603 1020 1 582 997 1 492 906 1 6 880 1 430 842 1264206914 73 0 0 0 276194866  BDZKI
JKMPT i1 = 83  i2 = 14
198 41 22 24 1765 -34 15877 990 142885 7458 1 260 554 1 231 525 1 212 504 1 114 404 1 44 332 1380336729 89 0 0 0 2 ffffffffffffffffffff YDFRY
ABDGK i1 = 57  i2 = 21
1 759 1074 1 675 990 1 670 984 1 657 969 1296846672 0 0 0 0 2  POLM
CDFIM i1 = 46  i2 = 15
223 1 55 57 2024 212 1 743 866 1 659 782 1 605 727 1 545 665 1 506 625 1 420 539 1 325 443 1 247 363 1 150 264 1464553039 1246839377 86 0 0 146164650 ffff ONKWQBQJV
CDFIM i1 = 57  i2 = 27
1464552960 1246839377 86 0 0 888224257  
JKMPT i1 = 45  i2 = 10
1464552960 1246839377 86 0 0 1760627714  
HIKNR i1 = 72  i2 = 10
1 410 615 1 357 562 1 351 554 1 327 529 1 295 495 1179277902 1246822482 86 0 0 1  NZJFR
ABDGK i1 = 69  i2 = 11
1 640 963 1 595 916 1 574 893 4343893 1246822482 86 0 0 1  UHB
EFHKO i1 = 29  i2 = 14
198 -13 75 1 741 864 1 685 808 1 658 780 5397064 1246822482 86 0 0 226676691 f HZR
CDFIM i1 = 52  i2 = 6
29 34 -65 -63 317 -1 2909 206 26237 1289 236189 14949 1 330 487 1 254 410 1 191 345 1 185 338 1 167 320 1 98 251 1 2 153 1 -68 81 0 6 -19 0 4 -111 0 4 -197 0 3 -262 1363886680 1464226885 1280657731 0 0 -23078607 ffffffffffffffffffff XBKQETFWCIUL
IJLOS i1 = 12  i2 = 30
1 598 874 1 576 850 1 571 844 1 541 813 1 521 791 1448365897 1464205395 1280657731 0 0 501303952  IOTVS
CDFIM i1 = 66  i2 = 13
1 509 875 1 485 851 1 433 797 1 383 745 1 310 670 1481528655 1464205388 1280657731 0 0 2080003334  OUNXL
DEGJN i1 = 95  i2 = 20
401 35 -103 -101 1 326 678 1 236 587 1 170 519 1 80 427 1 38 385 1 -7 340 1 -25 320 1330988371 5194308 1280657731 0 0 3 f SEUODBO
CDFIM i1 = 60  i2 = 21
1 -173 60 0 11 47 0 10 27 0 9 -13 0 9 -18 0 8 -103 0 6 -127 0 4 -159 1314478148 1464485717 1280657664 0 0 3  DXYNUGJW
ABDGK i1 = 26  i2 = 20
402 164 3602 92 1 213 428 1314455621 1464485717 1280657664 0 0 378810503 ffffff E
ABDGK i1 = 10  i2 = 17
290 96 80 82 1 533 616 1 457 540 1 397 479 1 313 394 1 292 372 1 279 358 1 253 332 1 251 329 1 167 244 1 99 176 1 27 104 0 9 6 0 9 -42 0 9 -90 0 7 -138 0 7 -184 0 6 -275 0 4 -374 1212565580 1330859849 1414089793 1111967314 17242 1711302438 fff LHFHIOSOALITRFGBZC
CDFIM i1 = 97  i2 = 28
786 13 -39 7050 82 63498 2675 1 753 1017 1 751 1013 1 652 913 1 650 911 1 650 909 1 612 870 1 577 833 1280066127 4475464 1414089793 1111967314 17242 1362350414 fffffffffffff OBLLHJD
FGILP i1 = 28  i2 = 20
402 174 3 3598 298 32398 1735 291598 15917 2624398 165911 23619598 2072854 212576398 50174089 1913187598 1488871889 38819214 625758682 349372942 1072613919 -1150610802 -1075875820 -1765562610 830491483 1289805710 486484130 -1276650482 359331578 1395047566 72169364 -329473778 422446090 1329703310 831352085 1 17 561 1 -9 534 1 -23 518 1 -81 458 1 -81 458 1 -175 363 1 -253 284 1 -343 192 1 -394 141 0 -488 47 0 5 34 1396851285 1163478873 4344400 1111967314 17242 -928138513 ffffffffffffffffffff UBBSYGYEPJB
ABDGK i1 = 13  i2 = 20
403 4 -31 -29 3600 208 32400 1087 291600 17730 2624400 179186 23619600 2070742 212576400 50854575 1913187600 1583212918 38819216 643560802 349372944 -1886221202 -1150610800 -250280552 -1765562608 796281486 1289805712 485113398 -1276650480 -935576671 1395047568 -1812475969 -329473776 1135852979 1329703312 844312617 -917572080 192280 1 -62 494 1 -119 436 1 -177 377 1 -194 359 1 -257 295 1146376270 1163460687 4344400 1111967314 17242 1119196379 ffffffffffffffffffff NPTDO
HIKNR i1 = 32  i2 = 21
442 188 -46 3968 427 1 336 481 1 285 430 1 248 391 4542026 1163460687 4344400 1111967314 17242 858442916 ffffffff JNE
IJLOS i1 = 26  i2 = 17
287 176 89 1 37 140 1 -44 60 0 10 -10 0 -22 -88 0 9 -164 0 8 -222 0 7 -250 0 5 -270 0 5 -314 0 5 -405 0 4 -495 0 3 -501 1196442201 1515536970 1431388501 1111967232 17242 889010108 fff YBPGJBUZUAQU
ABDGK i1 = 94  i2 = 14
196 52 70 72 1764 -29 15876 990 1 438 615 1 365 538 1 357 526 1 342 507 1 305 470 1 263 426 1 239 400 1180260949 4543830 1431388501 1111967232 17242 -537960061 fffffff UZYFVUE
HIKNR i1 = 37  i2 = 11
121 4 -54 1089 62 9801 549 88209 4886 1 893 1023 1 827 953 1 821 947 1 774 896 1 749 869 1179406411 4522058 1431388501 1111967232 17242 -1415875318 ffffffffffffffffffff KPLFJ
BCEHL i1 = 66  i2 = 6
1 489 839 1 458 806 1 439 783 1 369 709 1 329 669 1 232 570 1296257605 21061 1431388501 1111967232 17242 -812388961  ERCMER
ABDGK i1 = 31  i2 = 20
400 76 67 69 3601 102 1 506 595 1 422 507 1 365 446 1 284 361 1 263 336 1397048139 89 1431388501 1111967232 17242 -1934405443 ffffff KCESY
EFHKO i1 = 36  i2 = 16
1 745 976 1 729 956 1 678 901 1 619 842 1 522 745 1 514 737 1 423 646 1 408 631 1 321 540 1397245006 1414873429 1431371849 1111967232 17242 1762167232  NDHSUAUTI
GHJMQ i1 = 25  i2 = 1
1 22 120 9 29 81 25 729 -11 6561 22 59049 2636 531441 28364 4782969 306689 43046721 4093773 1 -278 156 1 -332 102 1 -345 89 0 14 7 0 12 -28 0 11 -44 0 10 -67 0 10 -99 0 9 -115 0 9 -214 0 8 -291 0 8 -378 0 7 -445 0 6 -457 0 6 -487 0 5 -564 1196119621 1263552834 1414813254 1430736973 17152 -1069682290 ffffffffffffffffffff EVKGBIPKFVTTMPGU
IJLOS i1 = 40  i2 = 27
731 204 15 6562 265 59050 3585 1 363 558 1 340 531 1191200083 1263552834 1414813254 1430736973 17152 -1890567151 fffffffffffffffffff SE
DEGJN i1 = 9  i2 = 11
1 711 785 1 643 715 1 596 664 5325905 1263552834 1414813254 1430736973 17152 58584956  QDQ
IJLOS i1 = 89  i2 = 28
784 5 103 1 499 631 1 424 552 1 359 485 1 319 443 1129862738 1263552768 1414813254 1430736973 17152 419189481 f RVXC
EFHKO i1 = 96  i2 = 17
1 485 811 1 393 717 1 339 661 1 296 614 1482115659 1263552768 1414813254 1430736973 17152 -1721512718  KJWX
DEGJN i1 = 13  i2 = 12
146 34 -125 -123 -121 1298 38 11666 342 104978 5974 1 61 157 1 13 105 0 9 6 0 9 -9 0 8 -100 0 6 -139 0 4 -212 1465275717 5196113 1414813254 1430736973 17152 932676601 ffffffffffffffffffff EUVWQIO
BCEHL i1 = 71  i2 = 2
6 65 103 1 203 398 1 205 396 1 138 329 1 108 295 1 33 220 1 23 206 1464619347 16980 1414813254 1430736973 17152 395562981 f SQLWTB
ABDGK i1 = 57  i2 = 30
1464619264 16980 1414813254 1430736973 17152 -1328252415  
EFHKO i1 = 27  i2 = 10
1 830 1061 1 737 968 1 729 958 1 665 894 1 572 797 1363821654 88 1414813254 1430736973 17152 1506629305  VDJQX
IJLOS i1 = 50  i2 = 14
198 8 106 108 1766 194 15878 504 142886 7982 1285958 74880 11573606 871114 1 114 398 1 116 396 1 53 331 1 -6 272 1 -50 228 1 -101 177 1 -120 158 1 -123 153 1 -198 78 0 8 10 0 6 6 0 4 -70 1246450761 1145198151 1229803094 1430736896 17152 -1249991958 ffffffffffffffffffff ITKJGVBDVNMI
HIKNR i1 = 88  i2 = 18
324 34 -35 2916 218 1 368 520 1 294 446 1 209 361 1 179 331 1 82 232 1 59 207 1 18 166 1 -61 84 1146244677 1212237649 1229803008 1430736896 17152 1008043946 ffff ENRDQGAH
ABDGK i1 = 9  i2 = 8
1 707 1027 1 702 1022 1 611 931 1 590 910 1 519 839 1 425 743 1 337 655 1 267 586 1 259 574 1 228 539 1 151 458 1 54 357 1481982543 1180260176 1280465489 1430736896 17152 -1029041544  OBUXPWYFQZRL
CDFIM i1 = 31  i2 = 30
901 34 93 1 37 112 0 6 23 0 5 -20 0 5 -59 0 5 -112 0 5 -116 0 3 -137 1229148739 5391176 1280465489 1430736896 17152 -1045763185 fff CRCIHCR
JKMPT i1 = 51  i2 = 8
1 384 654 1 326 592 1224756808 5391176 1280465489 1430736896 17152 -1878727551  HN
JKMPT i1 = 4  i2 = 12
146 84 52 54 1296 214 11664 516 104976 5034 944784 59850 8503056 622023 76527504 9092505 688747536 266372811 1903760528 782513679 -46024432 994243174 1 633 842 1 628 833 1 565 768 1 485 688 1 433 632 1263096389 5374034 1280465489 1430736896 17152 -811645640 ffffffffffffffffffff ERIKR
EFHKO i1 = 18  i2 = 28
1 260 523 1263075393 5374034 1280465489 1430736896 17152 -1275849388  A
FGILP i1 = 96  i2 = 6
1 136 593 1263075417 5374034 1280465489 1430736896 17152 1260521026  Y
BCEHL i1 = 41  i2 = 3
10 32 -94 1 873 955 1 824 904 1 792 870 1 694 770 1 627 701 1 587 657 1397967695 17486 1280465489 1430736896 17152 -303192633 f OKSSND
IJLOS i1 = 91  i2 = 24
577 19 1 831 974 1 787 926 1392528710 17486 1280465489 1430736896 17152 1477819312 f FM
FGILP i1 = 41  i2 = 17
289 -10 -87 -85 -83 -81 2601 138 23409 1309 210681 10047 1896129 112562 1 339 464 1 325 446 1 282 401 1 216 333 1 160 275 1 110 225 1 35 148 1 -16 93 1111707975 1447645521 1280465408 1430736896 17152 1145605302 ffffffffffffffffffff GQCBQQIV
HIKNR i1 = 4